geneticAlgorithmHybrid
0.8214285714285714 0.8518518518518519
0.8571428571428572 0.8888888888888888
606
18533024
geneticAlgorithmNni
0.3157894736842105 0.6666666666666666
0.17647058823529416 0.6
928
17359216
geneticAlgorithmSpr
0.8421052631578947 0.8571428571428571
0.8620689655172413 0.8620689655172413
606
2890554
hillClimbingNni
0.17647058823529416 0.6
0.3448275862068966 0.3448275862068966
742
71834670
hillClimbingSpr
0.8620689655172413 0.8620689655172413
0.8620689655172413 0.8620689655172413
606
704940
