geneticAlgorithmHybrid
0.8888888888888888 0.96
0.13793103448275867 0.13793103448275862
3509
18071040
geneticAlgorithmNni
0.38888888888888884 1.0
0.2068965517241379 0.20689655172413793
3538
17145632
geneticAlgorithmSpr
0.9655172413793104 0.9655172413793104
0.3448275862068966 0.3448275862068966
2953
3580806
hillClimbingNni
0.9473684210526316 0.9642857142857143
0.6551724137931034 0.6551724137931034
2924
71210010
hillClimbingSpr
0.9655172413793104 0.9655172413793104
0.9655172413793104 0.9655172413793104
2598
701518
