geneticAlgorithmHybrid
0.896551724137931 0.896551724137931
0.896551724137931 0.896551724137931
2541
17871160
geneticAlgorithmNni
0.6363636363636364 0.9333333333333333
0.03448275862068961 0.034482758620689655
3377
16885888
geneticAlgorithmSpr
0.896551724137931 0.896551724137931
0.896551724137931 0.896551724137931
2541
3572060
hillClimbingNni
0.9122807017543859 0.9285714285714286
0.10344827586206895 0.10344827586206896
3108
71000050
hillClimbingSpr
0.896551724137931 0.896551724137931
0.896551724137931 0.896551724137931
2541
718628
