geneticAlgorithmHybrid
0.9310344827586207 0.9310344827586207
0.13793103448275867 0.13793103448275862
1378
18074624
geneticAlgorithmNni
0.5365853658536586 0.9166666666666666
0.9310344827586207 0.9310344827586207
1207
16628056
geneticAlgorithmSpr
0.9310344827586207 0.9310344827586207
0.9310344827586207 0.9310344827586207
1207
3364102
hillClimbingNni
0.8461538461538461 0.9565217391304348
0.3793103448275862 0.3793103448275862
1545
71533534
hillClimbingSpr
0.9310344827586207 0.9310344827586207
0.9310344827586207 0.9310344827586207
1207
704940
