branchAndBoundSearch
0.8461538461538461 0.8461538461538461
0.8461538461538461 0.8461538461538461
277
69504699
geneticAlgorithmHybrid
0.8461538461538461 0.8461538461538461
0.8461538461538461 0.8461538461538461
277
16771608
geneticAlgorithmNni
0.8461538461538461 0.8461538461538461
0.8461538461538461 0.8461538461538461
277
16114024
geneticAlgorithmSpr
0.8461538461538461 0.8461538461538461
0.8461538461538461 0.8461538461538461
277
571092
hillClimbingNni
0.8461538461538461 0.8461538461538461
0.8461538461538461 0.8461538461538461
277
5895884
hillClimbingSpr
0.8461538461538461 0.8461538461538461
0.8461538461538461 0.8461538461538461
277
55466
