geneticAlgorithmHybrid
0.9655172413793104 0.9655172413793104
0.9655172413793104 0.9655172413793104
1212
17886360
geneticAlgorithmNni
0.6190476190476191 1.0
0.9122807017543859 0.9285714285714286
1247
17001448
geneticAlgorithmSpr
0.9655172413793104 0.9655172413793104
0.9655172413793104 0.9655172413793104
1212
3391934
hillClimbingNni
0.9285714285714286 0.9629629629629629
0.9655172413793104 0.9655172413793104
1212
71302694
hillClimbingSpr
0.9655172413793104 0.9655172413793104
0.9655172413793104 0.9655172413793104
1212
715206
