geneticAlgorithmHybrid
0.896551724137931 0.896551724137931
0.896551724137931 0.896551724137931
2535
18250912
geneticAlgorithmNni
0.6222222222222222 0.875
0.06896551724137934 0.06896551724137931
3318
16842544
geneticAlgorithmSpr
0.896551724137931 0.896551724137931
0.896551724137931 0.896551724137931
2535
3522944
hillClimbingNni
0.8076923076923077 0.9130434782608695
0.7586206896551724 0.7586206896551724
2742
72037670
hillClimbingSpr
0.896551724137931 0.896551724137931
0.896551724137931 0.896551724137931
2535
698096
