geneticAlgorithmHybrid
0.8620689655172413 0.8620689655172413
0.8620689655172413 0.8620689655172413
2504
18419328
geneticAlgorithmNni
0.35 0.6363636363636364
0.27586206896551724 0.27586206896551724
3032
17117032
geneticAlgorithmSpr
0.8620689655172413 0.8620689655172413
0.8620689655172413 0.8620689655172413
2504
3451186
hillClimbingNni
0.8727272727272728 0.9230769230769231
0.3448275862068966 0.3448275862068966
3117
72103906
hillClimbingSpr
0.8620689655172413 0.8620689655172413
0.8620689655172413 0.8620689655172413
2504
698096
