branchAndBoundSearch
0.7692307692307692 0.7692307692307693
0.7692307692307692 0.7692307692307693
275
23455747
geneticAlgorithmHybrid
0.7692307692307692 0.7692307692307693
0.8 0.8333333333333334
275
16242064
geneticAlgorithmNni
0.7692307692307692 0.7692307692307693
0.7692307692307692 0.7692307692307693
275
16112336
geneticAlgorithmSpr
0.7692307692307692 0.7692307692307693
0.7692307692307692 0.7692307692307693
275
581702
hillClimbingNni
0.8 0.8333333333333334
0.8461538461538461 0.8461538461538461
291
5996426
hillClimbingSpr
0.7692307692307692 0.7692307692307693
0.7692307692307692 0.7692307692307693
275
60380
