geneticAlgorithmHybrid
0.7719298245614035 0.7857142857142857
0.7719298245614035 0.7857142857142857
587
18703480
geneticAlgorithmNni
0.75 0.7777777777777778
0.7719298245614035 0.7857142857142857
587
17726888
geneticAlgorithmSpr
0.7719298245614035 0.7857142857142857
0.75 0.7777777777777778
587
2777018
hillClimbingNni
0.11428571428571432 0.3333333333333333
0.31034482758620685 0.3103448275862069
718
71325952
hillClimbingSpr
0.7719298245614035 0.7857142857142857
0.7719298245614035 0.7857142857142857
587
711784
