geneticAlgorithmHybrid
0.8070175438596492 0.8214285714285714
0.8275862068965517 0.8275862068965517
2325
17864392
geneticAlgorithmNni
0.6086956521739131 0.8235294117647058
0.8070175438596492 0.8214285714285714
2381
17600192
geneticAlgorithmSpr
0.8421052631578947 0.8571428571428571
0.8214285714285714 0.8518518518518519
2325
3390104
hillClimbingNni
0.7924528301886793 0.875
0.06896551724137934 0.06896551724137931
3021
70824832
hillClimbingSpr
0.8275862068965517 0.8275862068965517
0.8070175438596492 0.8214285714285714
2325
694674
