geneticAlgorithmHybrid
0.8928571428571429 0.9259259259259259
0.8928571428571429 0.9259259259259259
1290
18418664
geneticAlgorithmNni
0.44999999999999996 0.8181818181818182
0.8928571428571429 0.9259259259259259
1290
16918608
geneticAlgorithmSpr
0.8771929824561404 0.8928571428571429
0.8928571428571429 0.9259259259259259
1290
3382340
hillClimbingNni
0.7755102040816326 0.95
0.24137931034482762 0.2413793103448276
1519
71818430
hillClimbingSpr
0.8771929824561404 0.8928571428571429
0.8928571428571429 0.9259259259259259
1290
677564
