geneticAlgorithmHybrid
0.7017543859649122 0.7142857142857143
0.7017543859649122 0.7142857142857143
1125
17932776
geneticAlgorithmNni
0.37209302325581395 0.5714285714285714
0.7241379310344828 0.7241379310344828
1125
17186824
geneticAlgorithmSpr
0.7241379310344828 0.7241379310344828
0.7241379310344828 0.7241379310344828
1125
3037160
hillClimbingNni
0.17142857142857137 0.5
0.5517241379310345 0.5517241379310345
1270
71323458
hillClimbingSpr
0.7241379310344828 0.7241379310344828
0.7241379310344828 0.7241379310344828
1125
735738
