geneticAlgorithmHybrid
0.8571428571428572 0.8888888888888888
0.8928571428571429 0.9259259259259259
1230
19394144
geneticAlgorithmNni
0.4878048780487805 0.8333333333333334
0.2777777777777778 0.7142857142857143
1230
17141128
geneticAlgorithmSpr
0.8928571428571429 0.9259259259259259
0.8727272727272728 0.9230769230769231
1230
3143544
hillClimbingNni
0.23529411764705888 0.8
0.6551724137931034 0.6551724137931034
1357
70702278
hillClimbingSpr
0.8928571428571429 0.9259259259259259
0.8928571428571429 0.9259259259259259
1230
704940
