geneticAlgorithmHybrid
0.9310344827586207 0.9310344827586207
0.9310344827586207 0.9310344827586207
2481
17271072
geneticAlgorithmNni
0.9310344827586207 0.9310344827586207
0.2068965517241379 0.20689655172413793
3209
16855384
geneticAlgorithmSpr
0.9310344827586207 0.9310344827586207
0.9310344827586207 0.9310344827586207
2481
3625344
hillClimbingNni
0.9310344827586207 0.9310344827586207
0.7241379310344828 0.7241379310344828
2697
71602496
hillClimbingSpr
0.9310344827586207 0.9310344827586207
0.9310344827586207 0.9310344827586207
2481
728894
