geneticAlgorithmHybrid
0.7017543859649122 0.7142857142857143
0.6909090909090909 0.7307692307692307
546
18168040
geneticAlgorithmNni
0.5531914893617021 0.7222222222222222
0.6909090909090909 0.7307692307692307
546
17297464
geneticAlgorithmSpr
0.7017543859649122 0.7142857142857143
0.7017543859649122 0.7142857142857143
546
2611222
hillClimbingNni
0.125 0.6666666666666666
0.3448275862068966 0.3448275862068966
708
72017834
hillClimbingSpr
0.7017543859649122 0.7142857142857143
0.7017543859649122 0.7142857142857143
546
728894
