geneticAlgorithmHybrid
0.8620689655172413 0.8620689655172413
0.10344827586206895 0.10344827586206896
1732
18400632
geneticAlgorithmNni
0.8571428571428572 0.8888888888888888
0.8620689655172413 0.8620689655172413
1273
17416008
geneticAlgorithmSpr
0.8620689655172413 0.8620689655172413
0.8620689655172413 0.8620689655172413
1273
3255150
hillClimbingNni
0.32432432432432434 0.75
0.5517241379310345 0.5517241379310345
1501
71764954
hillClimbingSpr
0.8620689655172413 0.8620689655172413
0.8620689655172413 0.8620689655172413
1273
759692
