branchAndBoundSearch
0.8461538461538461 0.8461538461538461
0.8461538461538461 0.8461538461538461
277
16562969
geneticAlgorithmHybrid
0.8461538461538461 0.8461538461538461
0.8461538461538461 0.8461538461538461
277
16346592
geneticAlgorithmNni
0.8461538461538461 0.8461538461538461
0.8461538461538461 0.8461538461538461
277
16091448
geneticAlgorithmSpr
0.8461538461538461 0.8461538461538461
0.8461538461538461 0.8461538461538461
277
564800
hillClimbingNni
0.8461538461538461 0.8461538461538461
0.8461538461538461 0.8461538461538461
277
5899316
hillClimbingSpr
0.8461538461538461 0.8461538461538461
0.8461538461538461 0.8461538461538461
277
61784
