geneticAlgorithmHybrid
0.9655172413793104 0.9655172413793104
0.03448275862068961 0.034482758620689655
1468
19132248
geneticAlgorithmNni
0.46153846153846156 0.9
0.06666666666666665 1.0
1554
16729360
geneticAlgorithmSpr
0.9655172413793104 0.9655172413793104
0.9655172413793104 0.9655172413793104
1276
3413632
hillClimbingNni
0.6956521739130435 0.9411764705882353
0.4137931034482759 0.41379310344827586
1642
72292464
hillClimbingSpr
0.9655172413793104 0.9655172413793104
0.9655172413793104 0.9655172413793104
1276
722050
