geneticAlgorithmHybrid
0.9310344827586207 0.9310344827586207
0.3448275862068966 0.3448275862068966
2773
18782544
geneticAlgorithmNni
0.42105263157894735 0.8888888888888888
0.9310344827586207 0.9310344827586207
2462
16910376
geneticAlgorithmSpr
0.9310344827586207 0.9310344827586207
0.9310344827586207 0.9310344827586207
2462
3544912
hillClimbingNni
0.8 0.9523809523809523
0.27586206896551724 0.27586206896551724
3075
70677628
hillClimbingSpr
0.9310344827586207 0.9310344827586207
0.9310344827586207 0.9310344827586207
2462
728894
