geneticAlgorithmHybrid
0.8620689655172413 0.8620689655172413
0.8620689655172413 0.8620689655172413
1173
18408816
geneticAlgorithmNni
0.8421052631578947 0.8571428571428571
0.5862068965517242 0.5862068965517241
1318
16876376
geneticAlgorithmSpr
0.8620689655172413 0.8620689655172413
0.8620689655172413 0.8620689655172413
1173
3443708
hillClimbingNni
0.6938775510204082 0.85
0.8275862068965517 0.8275862068965517
1176
71641124
hillClimbingSpr
0.8620689655172413 0.8620689655172413
0.8620689655172413 0.8620689655172413
1173
732316
