geneticAlgorithmHybrid
0.8620689655172413 0.8620689655172413
0.6666666666666667 0.8421052631578947
585
18158552
geneticAlgorithmNni
0.653061224489796 0.8
0.5172413793103448 0.5172413793103449
689
17181400
geneticAlgorithmSpr
0.8620689655172413 0.8620689655172413
0.8620689655172413 0.8620689655172413
585
2731938
hillClimbingNni
0.06451612903225812 0.5
0.24137931034482762 0.2413793103448276
730
72617786
hillClimbingSpr
0.8620689655172413 0.8620689655172413
0.8620689655172413 0.8620689655172413
585
735738
