geneticAlgorithmHybrid
0.896551724137931 0.896551724137931
0.896551724137931 0.896551724137931
1324
18912592
geneticAlgorithmNni
0.4390243902439024 0.75
0.8620689655172413 0.8620689655172413
1346
17389424
geneticAlgorithmSpr
0.896551724137931 0.896551724137931
0.896551724137931 0.896551724137931
1324
3315058
hillClimbingNni
0.4 0.7272727272727273
0.8275862068965517 0.8275862068965517
1382
71487540
hillClimbingSpr
0.896551724137931 0.896551724137931
0.896551724137931 0.896551724137931
1324
687830
