geneticAlgorithmHybrid
0.8301886792452831 0.9166666666666666
0.8620689655172413 0.8620689655172413
2494
17986880
geneticAlgorithmNni
0.23529411764705888 0.8
0.8620689655172413 0.8620689655172413
2494
17099648
geneticAlgorithmSpr
0.8620689655172413 0.8620689655172413
0.8620689655172413 0.8620689655172413
2494
3426580
hillClimbingNni
0.5365853658536586 0.9166666666666666
0.8275862068965517 0.8275862068965517
2566
71499604
hillClimbingSpr
0.8620689655172413 0.8620689655172413
0.8620689655172413 0.8620689655172413
2494
704940
