geneticAlgorithmHybrid
0.6785714285714286 0.7037037037037037
0.6666666666666667 0.6785714285714286
486
20197712
geneticAlgorithmNni
0.6909090909090909 0.7307692307692307
0.631578947368421 0.6428571428571429
495
17454760
geneticAlgorithmSpr
0.6785714285714286 0.7037037037037037
0.6923076923076923 0.782608695652174
486
1959666
hillClimbingNni
0.0 0
0.10344827586206895 0.10344827586206896
751
70977894
hillClimbingSpr
0.6666666666666667 0.6785714285714286
0.6666666666666667 0.6785714285714286
486
763114
