geneticAlgorithmHybrid
0.6551724137931034 0.6551724137931034
0.34782608695652173 0.47058823529411764
1065
18268688
geneticAlgorithmNni
0.6037735849056604 0.6666666666666666
0.6551724137931034 0.6551724137931034
1065
16688136
geneticAlgorithmSpr
0.6551724137931034 0.6551724137931034
0.6551724137931034 0.6551724137931034
1065
3308638
hillClimbingNni
0.41860465116279066 0.6428571428571429
0.6206896551724138 0.6206896551724138
1096
71662816
hillClimbingSpr
0.6551724137931034 0.6551724137931034
0.6551724137931034 0.6551724137931034
1065
739160
