branchAndBoundSearch
0.6666666666666667 0.7272727272727273
0.6666666666666667 0.7272727272727273
243
14431191
geneticAlgorithmHybrid
0.6666666666666667 0.7272727272727273
0.6666666666666667 0.7272727272727273
243
16748088
geneticAlgorithmNni
0.72 0.75
0.6666666666666667 0.7272727272727273
243
16181464
geneticAlgorithmSpr
0.72 0.75
0.6666666666666667 0.7272727272727273
243
470492
hillClimbingNni
0.6363636363636364 0.7777777777777778
0.5384615384615384 0.5384615384615384
270
5753664
hillClimbingSpr
0.64 0.6666666666666666
0.6666666666666667 0.7272727272727273
243
56168
