geneticAlgorithmHybrid
0.8928571428571429 0.9259259259259259
0.44999999999999996 0.8181818181818182
2331
18664864
geneticAlgorithmNni
0.8301886792452831 0.9166666666666666
0.1428571428571429 0.14814814814814814
2792
16922208
geneticAlgorithmSpr
0.8771929824561404 0.8928571428571429
0.8928571428571429 0.9259259259259259
2331
3501434
hillClimbingNni
0.8727272727272728 0.9230769230769231
0.7241379310344828 0.7241379310344828
2463
70730872
hillClimbingSpr
0.8928571428571429 0.9259259259259259
0.8928571428571429 0.9259259259259259
2331
708362
