geneticAlgorithmHybrid
0.8070175438596492 0.8214285714285714
0.8275862068965517 0.8275862068965517
1166
18241264
geneticAlgorithmNni
0.6808510638297872 0.8888888888888888
0.5909090909090908 0.8666666666666667
1352
17178776
geneticAlgorithmSpr
0.8275862068965517 0.8275862068965517
0.8275862068965517 0.8275862068965517
1166
3320380
hillClimbingNni
0.5909090909090908 0.8666666666666667
0.6551724137931034 0.6551724137931034
1250
70394936
hillClimbingSpr
0.8275862068965517 0.8275862068965517
0.8275862068965517 0.8275862068965517
1166
715206
