geneticAlgorithmHybrid
0.8275862068965517 0.8275862068965517
0.06451612903225812 0.5
1191
18272744
geneticAlgorithmNni
0.47619047619047616 0.7692307692307693
0.7931034482758621 0.7931034482758621
1215
17224040
geneticAlgorithmSpr
0.8275862068965517 0.8275862068965517
0.8070175438596492 0.8214285714285714
1191
3252192
hillClimbingNni
0.4390243902439024 0.75
0.6896551724137931 0.6896551724137931
1282
70658024
hillClimbingSpr
0.8275862068965517 0.8275862068965517
0.8275862068965517 0.8275862068965517
1191
701518
