branchAndBoundSearch
0.75 0.8181818181818182
0.75 0.8181818181818182
269
5474155
geneticAlgorithmHybrid
0.75 0.8181818181818182
0.75 0.8181818181818182
269
16252448
geneticAlgorithmNni
0.8 0.8333333333333334
0.6666666666666667 0.7272727272727273
270
16427288
geneticAlgorithmSpr
0.75 0.8181818181818182
0.75 0.8181818181818182
269
504728
hillClimbingNni
0.6666666666666667 0.7272727272727273
0.6153846153846154 0.6153846153846154
270
5905400
hillClimbingSpr
0.75 0.8181818181818182
0.75 0.8181818181818182
269
61082
