geneticAlgorithmHybrid
0.8620689655172413 0.8620689655172413
0.8620689655172413 0.8620689655172413
2361
17524320
geneticAlgorithmNni
0.8771929824561404 0.8928571428571429
0.8620689655172413 0.8620689655172413
2361
16633448
geneticAlgorithmSpr
0.8620689655172413 0.8620689655172413
0.2702702702702703 0.625
2361
3715672
hillClimbingNni
0.8771929824561404 0.8928571428571429
0.24137931034482762 0.2413793103448276
3030
71310930
hillClimbingSpr
0.8620689655172413 0.8620689655172413
0.8620689655172413 0.8620689655172413
2361
701518
