branchAndBoundSearch
0.9230769230769231 0.9230769230769231
0.9230769230769231 0.9230769230769231
317
11754241
geneticAlgorithmHybrid
0.9230769230769231 0.9230769230769231
0.9166666666666666 1.0
317
16573600
geneticAlgorithmNni
0.9230769230769231 0.9230769230769231
0.9230769230769231 0.9230769230769231
317
16125328
geneticAlgorithmSpr
0.9230769230769231 0.9230769230769231
0.9230769230769231 0.9230769230769231
317
595852
hillClimbingNni
0.9230769230769231 0.9230769230769231
0.9230769230769231 0.9230769230769231
317
5989432
hillClimbingSpr
0.9230769230769231 0.9230769230769231
0.9230769230769231 0.9230769230769231
317
61784
