geneticAlgorithmHybrid
0.7931034482758621 0.7931034482758621
0.8070175438596492 0.8214285714285714
560
19259400
geneticAlgorithmNni
0.7169811320754718 0.7916666666666666
0.18181818181818177 0.75
574
17070408
geneticAlgorithmSpr
0.7931034482758621 0.7931034482758621
0.7931034482758621 0.7931034482758621
560
2728910
hillClimbingNni
0.12903225806451613 1.0
0.6551724137931034 0.6551724137931034
604
72126932
hillClimbingSpr
0.7931034482758621 0.7931034482758621
0.7931034482758621 0.7931034482758621
560
735738
