geneticAlgorithmHybrid
0.8771929824561404 0.8928571428571429
0.8620689655172413 0.8620689655172413
2432
17315432
geneticAlgorithmNni
0.32432432432432434 0.75
0.8620689655172413 0.8620689655172413
2432
16709200
geneticAlgorithmSpr
0.8620689655172413 0.8620689655172413
0.8620689655172413 0.8620689655172413
2432
3625030
hillClimbingNni
0.8771929824561404 0.8928571428571429
0.5862068965517242 0.5862068965517241
2812
71256758
hillClimbingSpr
0.8620689655172413 0.8620689655172413
0.8620689655172413 0.8620689655172413
2432
718628
