geneticAlgorithmHybrid
0.9310344827586207 0.9310344827586207
0.4137931034482759 0.41379310344827586
1447
18605560
geneticAlgorithmNni
0.4736842105263158 1.0
0.9122807017543859 0.9285714285714286
1247
17012984
geneticAlgorithmSpr
0.9310344827586207 0.9310344827586207
0.9310344827586207 0.9310344827586207
1234
3260706
hillClimbingNni
0.43243243243243246 1.0
0.13793103448275867 0.13793103448275862
1466
71226250
hillClimbingSpr
0.9310344827586207 0.9310344827586207
0.9310344827586207 0.9310344827586207
1234
725472
