geneticAlgorithmHybrid
0.9310344827586207 0.9310344827586207
0.9310344827586207 0.9310344827586207
1248
18005992
geneticAlgorithmNni
0.44999999999999996 0.8181818181818182
0.1724137931034483 0.1724137931034483
1463
16871384
geneticAlgorithmSpr
0.9310344827586207 0.9310344827586207
0.9310344827586207 0.9310344827586207
1248
3401172
hillClimbingNni
0.8301886792452831 0.9166666666666666
0.03448275862068961 0.034482758620689655
1501
71948350
hillClimbingSpr
0.9310344827586207 0.9310344827586207
0.9310344827586207 0.9310344827586207
1248
715206
