geneticAlgorithmHybrid
0.8421052631578947 0.8571428571428571
0.10344827586206895 0.10344827586206896
3343
18201032
geneticAlgorithmNni
0.8214285714285714 0.8518518518518519
0.8275862068965517 0.8275862068965517
2360
16852128
geneticAlgorithmSpr
0.8275862068965517 0.8275862068965517
0.8275862068965517 0.8275862068965517
2360
3505630
hillClimbingNni
0.8571428571428572 0.8888888888888888
0.6551724137931034 0.6551724137931034
2596
71351878
hillClimbingSpr
0.8275862068965517 0.8275862068965517
0.8275862068965517 0.8275862068965517
2360
711784
