geneticAlgorithmHybrid
0.6666666666666667 0.9375
0.9310344827586207 0.9310344827586207
2790
17646480
geneticAlgorithmNni
0.2857142857142857 0.8333333333333334
0.0 0
3243
17235408
geneticAlgorithmSpr
0.9310344827586207 0.9310344827586207
0.10344827586206895 0.10344827586206896
3106
3496926
hillClimbingNni
0.5714285714285714 0.9230769230769231
0.7586206896551724 0.7586206896551724
3074
71265342
hillClimbingSpr
0.9310344827586207 0.9310344827586207
0.9310344827586207 0.9310344827586207
2790
732316
