geneticAlgorithmHybrid
0.7017543859649122 0.7142857142857143
0.7037037037037037 0.76
2158
17817984
geneticAlgorithmNni
0.6909090909090909 0.7307692307692307
0.7017543859649122 0.7142857142857143
2158
16537064
geneticAlgorithmSpr
0.7017543859649122 0.7142857142857143
0.7017543859649122 0.7142857142857143
2158
3263644
hillClimbingNni
0.7450980392156863 0.8636363636363636
0.03448275862068961 0.034482758620689655
2598
71330592
hillClimbingSpr
0.6896551724137931 0.6896551724137931
0.7017543859649122 0.7142857142857143
2158
715206
