geneticAlgorithmHybrid
0.7017543859649122 0.7142857142857143
0.7017543859649122 0.7142857142857143
1043
18337112
geneticAlgorithmNni
0.6415094339622642 0.7083333333333334
0.29268292682926833 0.5
1043
16788424
geneticAlgorithmSpr
0.7017543859649122 0.7142857142857143
0.7017543859649122 0.7142857142857143
1043
3074280
hillClimbingNni
0.4651162790697675 0.7142857142857143
0.6206896551724138 0.6206896551724138
1077
70545852
hillClimbingSpr
0.7017543859649122 0.7142857142857143
0.7017543859649122 0.7142857142857143
1043
735738
