geneticAlgorithmHybrid
0.9310344827586207 0.9310344827586207
0.9122807017543859 0.9285714285714286
605
18746120
geneticAlgorithmNni
0.6046511627906976 0.9285714285714286
0.8771929824561404 0.8928571428571429
620
16839464
geneticAlgorithmSpr
0.9310344827586207 0.9310344827586207
0.42105263157894735 0.8888888888888888
605
2810926
hillClimbingNni
0.125 0.6666666666666666
0.10344827586206895 0.10344827586206896
707
71277290
hillClimbingSpr
0.9310344827586207 0.9310344827586207
0.9122807017543859 0.9285714285714286
605
715206
