geneticAlgorithmHybrid
0.7719298245614035 0.7857142857142857
0.7586206896551724 0.7586206896551724
2229
18318328
geneticAlgorithmNni
0.8 0.8461538461538461
0.7586206896551724 0.7586206896551724
2229
16831560
geneticAlgorithmSpr
0.7586206896551724 0.7586206896551724
0.7586206896551724 0.7586206896551724
2229
3529984
hillClimbingNni
0.8 0.8461538461538461
0.7586206896551724 0.7586206896551724
2305
70393138
hillClimbingSpr
0.7586206896551724 0.7586206896551724
0.7586206896551724 0.7586206896551724
2229
718628
