geneticAlgorithmHybrid
0.8620689655172413 0.8620689655172413
0.8620689655172413 0.8620689655172413
1275
17653200
geneticAlgorithmNni
0.47619047619047616 0.7692307692307693
0.368421052631579 0.7777777777777778
1275
17378936
geneticAlgorithmSpr
0.8620689655172413 0.8620689655172413
0.8620689655172413 0.8620689655172413
1275
3307916
hillClimbingNni
0.47619047619047616 0.7692307692307693
0.4137931034482759 0.41379310344827586
1636
70758248
hillClimbingSpr
0.8620689655172413 0.8620689655172413
0.8620689655172413 0.8620689655172413
1275
677564
