geneticAlgorithmHybrid
0.7142857142857143 0.7407407407407407
0.42105263157894735 0.42857142857142855
1260
18458736
geneticAlgorithmNni
0.5217391304347826 0.7058823529411765
0.2142857142857143 0.2222222222222222
1413
17740376
geneticAlgorithmSpr
0.7017543859649122 0.7142857142857143
0.7017543859649122 0.7142857142857143
1091
3129316
hillClimbingNni
0.4545454545454546 0.6666666666666666
0.4137931034482759 0.41379310344827586
1254
70427648
hillClimbingSpr
0.6896551724137931 0.6896551724137931
0.6896551724137931 0.6896551724137931
1091
667298
