geneticAlgorithmHybrid
0.9655172413793104 0.9655172413793104
0.4482758620689655 0.4482758620689655
2650
17690344
geneticAlgorithmNni
0.7391304347826086 1.0
0.9655172413793104 0.9655172413793104
2360
17277856
geneticAlgorithmSpr
0.9655172413793104 0.9655172413793104
0.31034482758620685 0.3103448275862069
2716
3600620
hillClimbingNni
0.9655172413793104 0.9655172413793104
0.27586206896551724 0.27586206896551724
3307
71446418
hillClimbingSpr
0.9655172413793104 0.9655172413793104
0.9655172413793104 0.9655172413793104
2360
704940
