geneticAlgorithmHybrid
0.9310344827586207 0.9310344827586207
0.9310344827586207 0.9310344827586207
1263
18905192
geneticAlgorithmNni
0.6808510638297872 0.8888888888888888
0.9310344827586207 0.9310344827586207
1263
17499376
geneticAlgorithmSpr
0.9310344827586207 0.9310344827586207
0.9310344827586207 0.9310344827586207
1263
3431192
hillClimbingNni
0.8 0.9523809523809523
0.896551724137931 0.896551724137931
1294
70747808
hillClimbingSpr
0.9310344827586207 0.9310344827586207
0.9310344827586207 0.9310344827586207
1263
684408
