geneticAlgorithmHybrid
0.8620689655172413 0.8620689655172413
0.31034482758620685 0.3103448275862069
672
18518344
geneticAlgorithmNni
0.8620689655172413 0.8620689655172413
0.8620689655172413 0.8620689655172413
577
16823472
geneticAlgorithmSpr
0.8620689655172413 0.8620689655172413
0.8620689655172413 0.8620689655172413
577
2828076
hillClimbingNni
0.11764705882352944 0.4
0.2068965517241379 0.20689655172413793
727
71806424
hillClimbingSpr
0.8620689655172413 0.8620689655172413
0.8620689655172413 0.8620689655172413
577
698096
