geneticAlgorithmHybrid
0.9285714285714286 0.9629629629629629
0.9473684210526316 0.9642857142857143
2642
18338944
geneticAlgorithmNni
0.43243243243243246 1.0
0.9655172413793104 0.9655172413793104
2642
17472744
geneticAlgorithmSpr
0.9655172413793104 0.9655172413793104
0.9655172413793104 0.9655172413793104
2642
3536288
hillClimbingNni
0.7391304347826086 1.0
0.3793103448275862 0.3793103448275862
3312
70642712
hillClimbingSpr
0.9655172413793104 0.9655172413793104
0.9655172413793104 0.9655172413793104
2642
739160
