geneticAlgorithmHybrid
0.8571428571428572 0.8888888888888888
0.8727272727272728 0.9230769230769231
604
17548768
geneticAlgorithmNni
0.2857142857142857 0.8333333333333334
0.8928571428571429 0.9259259259259259
604
17333680
geneticAlgorithmSpr
0.9122807017543859 0.9285714285714286
0.33333333333333337 0.8571428571428571
683
2807888
hillClimbingNni
0.06666666666666665 1.0
0.7931034482758621 0.7931034482758621
679
72983766
hillClimbingSpr
0.9122807017543859 0.9285714285714286
0.8928571428571429 0.9259259259259259
604
732316
