geneticAlgorithmHybrid
0.5818181818181818 0.6153846153846154
0.5882352941176471 0.6818181818181818
474
19339112
geneticAlgorithmNni
0.5769230769230769 0.6521739130434783
0.5818181818181818 0.6153846153846154
474
17405464
geneticAlgorithmSpr
0.5714285714285714 0.5925925925925926
0.6274509803921569 0.7272727272727273
474
2330674
hillClimbingNni
0.06451612903225812 0.5
0.5172413793103448 0.5172413793103449
485
70161950
hillClimbingSpr
0.5714285714285714 0.5925925925925926
0.5818181818181818 0.6153846153846154
474
684408
