geneticAlgorithmHybrid
0.8275862068965517 0.8275862068965517
0.8275862068965517 0.8275862068965517
1132
18180712
geneticAlgorithmNni
0.3783783783783784 0.875
0.13793103448275867 0.13793103448275862
1328
17213200
geneticAlgorithmSpr
0.8275862068965517 0.8275862068965517
0.8275862068965517 0.8275862068965517
1132
3059166
hillClimbingNni
0.2857142857142857 0.8333333333333334
0.5517241379310345 0.5517241379310345
1309
72087086
hillClimbingSpr
0.8275862068965517 0.8275862068965517
0.8275862068965517 0.8275862068965517
1132
718628
