geneticAlgorithmHybrid
0.6545454545454545 0.6923076923076923
0.2592592592592593 0.28
584
18179808
geneticAlgorithmNni
0.5217391304347826 0.7058823529411765
0.6545454545454545 0.6923076923076923
513
16967624
geneticAlgorithmSpr
0.6545454545454545 0.6923076923076923
0.6923076923076923 0.782608695652174
513
2297186
hillClimbingNni
0.06666666666666665 1.0
0.3448275862068966 0.3448275862068966
620
68956826
hillClimbingSpr
0.6428571428571428 0.6666666666666666
0.6545454545454545 0.6923076923076923
513
684408
