branchAndBoundSearch
0.8 0.8333333333333334
0.8 0.8333333333333334
271
380165747
geneticAlgorithmHybrid
0.7692307692307692 0.7692307692307693
0.8 0.8333333333333334
271
17005216
geneticAlgorithmNni
0.8 0.8333333333333334
0.8 0.8333333333333334
271
16147504
geneticAlgorithmSpr
0.8461538461538461 0.8461538461538461
0.8 0.8333333333333334
271
528078
hillClimbingNni
0.7692307692307692 0.7692307692307693
0.8461538461538461 0.8461538461538461
271
6024324
hillClimbingSpr
0.7692307692307692 0.7692307692307693
0.8 0.8333333333333334
271
62486
