geneticAlgorithmHybrid
0.896551724137931 0.896551724137931
0.896551724137931 0.896551724137931
607
18793856
geneticAlgorithmNni
0.896551724137931 0.896551724137931
0.06896551724137934 0.06896551724137931
764
17960448
geneticAlgorithmSpr
0.896551724137931 0.896551724137931
0.896551724137931 0.896551724137931
607
2895920
hillClimbingNni
0.17647058823529416 0.6
0.4137931034482759 0.41379310344827586
736
72372794
hillClimbingSpr
0.896551724137931 0.896551724137931
0.896551724137931 0.896551724137931
607
725472
