geneticAlgorithmHybrid
0.9655172413793104 0.9655172413793104
0.9655172413793104 0.9655172413793104
2588
17271208
geneticAlgorithmNni
0.8679245283018868 0.9583333333333334
0.24137931034482762 0.2413793103448276
3558
16834112
geneticAlgorithmSpr
0.9655172413793104 0.9655172413793104
0.9655172413793104 0.9655172413793104
2588
3604932
hillClimbingNni
0.9655172413793104 0.9655172413793104
0.3448275862068966 0.3448275862068966
3166
71906648
hillClimbingSpr
0.9655172413793104 0.9655172413793104
0.9655172413793104 0.9655172413793104
2588
749426
