geneticAlgorithmHybrid
0.8235294117647058 0.9545454545454546
0.9655172413793104 0.9655172413793104
1297
17536088
geneticAlgorithmNni
0.24242424242424243 1.0
0.9655172413793104 0.9655172413793104
1297
17644840
geneticAlgorithmSpr
0.9655172413793104 0.9655172413793104
0.9655172413793104 0.9655172413793104
1297
3366878
hillClimbingNni
0.42105263157894735 0.8888888888888888
0.03448275862068961 0.034482758620689655
1547
72166894
hillClimbingSpr
0.9655172413793104 0.9655172413793104
0.9655172413793104 0.9655172413793104
1297
711784
