geneticAlgorithmHybrid
0.8571428571428572 0.8888888888888888
0.3214285714285714 0.3333333333333333
666
19132568
geneticAlgorithmNni
0.5777777777777777 0.8125
0.8571428571428572 0.8888888888888888
579
17196328
geneticAlgorithmSpr
0.8571428571428572 0.8888888888888888
0.21052631578947367 0.21428571428571427
672
2719346
hillClimbingNni
0.125 0.6666666666666666
0.3448275862068966 0.3448275862068966
714
70573402
hillClimbingSpr
0.8571428571428572 0.8888888888888888
0.8571428571428572 0.8888888888888888
579
701518
