geneticAlgorithmHybrid
0.8421052631578947 0.8571428571428571
0.8421052631578947 0.8571428571428571
2467
18229944
geneticAlgorithmNni
0.6086956521739131 0.8235294117647058
0.06451612903225812 0.5
3401
16613024
geneticAlgorithmSpr
0.8421052631578947 0.8571428571428571
0.8421052631578947 0.8571428571428571
2467
3559758
hillClimbingNni
0.8070175438596492 0.8214285714285714
0.8275862068965517 0.8275862068965517
2540
71650578
hillClimbingSpr
0.8275862068965517 0.8275862068965517
0.8421052631578947 0.8571428571428571
2467
728894
